9
01101100111011100010011011000100
1111101011001111001100110010101010101101100000010000111100000110111011010111100101011010101101000001111100111111101001101110011000000011011001111101000111110001111101111000100011
1000000001010000111001011010101011100110101100011000001100
01000001100011101101101111010111010110101010101110001011100100000011100101101010101110011111110100010101000010011111000010111110110000
1100011001101010010110010010111001111001110010011110111000010101110110110111000000000000000000101010001100001010010000110011100001001111000001011001010110
10010101001100110101101011000011000111100111110000000010001000011111100000000001010011101110011000110000111001001001000000101001100010010011001100110101101000
0011001111010000100000000110000101111111001001111110000110010100010110011000100000111111111
00011010100001111111000011010101010010110110011010111011100000100011000101110001010111000001110101100100001110101000000011001011010011010100001111101001101000001000100110000101
0010011011100010101001001010000001010000111011011010000011001110010111001010000101010111011111111001100010111000011100111011001001
